y
221316.29
368288
49 65 5671.47
49 53 730.42
53 6 3044.15
53 65 2136.58
O
205591.82
808705
34 72 9012.30
34 17 994.02
49 72 9762.14
49 17 6307.20
49 10 7037.55
49 44 3184.32
72 10 8451.78
72 44 8995.48
72 17 4356.86
72 57 3734.69
72 92 7795.68
72 94 7509.61
10 92 3790.34
10 14 5444.55
10 17 3322.80
44 57 6245.96
44 17 231.68
44 94 6827.01
14 17 1249.73
14 92 6114.73
57 94 2581.66
92 94 3173.23
Q
286531.70
854802
24 0 1571.39
24 49 5460.16
49 0 671.33
M
28602.58
303359
33 73 6379.04
33 58 4954.08
33 68 9154.79
33 53 3672.97
33 63 3735.21
68 9 1647.03
68 63 6249.15
68 85 1666.30
68 78 5883.09
9 73 1781.62
9 78 8151.95
9 47 7809.72
9 85 5060.34
9 53 9859.74
9 63 746.38
78 47 1064.28
78 85 2903.74
78 58 4117.84
78 53 2771.70
47 63 7987.23
47 53 8983.29
47 73 5531.93
85 73 9014.85
73 53 514.03
73 58 1333.60
58 63 4937.66
t
46564.70
819350
1 76 6125.75
1 31 2077.78
76 31 8608.43
I
187702.11
485359
69 71 5019.32
69 79 6281.37
69 80 5388.91
69 49 5358.43
69 21 538.90
69 55 5707.47
69 90 5746.80
69 91 2805.55
71 79 7266.17
71 80 2960.12
71 49 1656.13
71 21 7908.51
71 55 1430.33
71 90 5542.73
71 91 9230.19
79 80 4325.59
79 49 9680.40
79 21 9461.41
79 55 2476.88
79 90 3862.34
79 91 5.55
80 49 3511.47
80 21 2543.52
80 55 8844.23
80 90 1232.96
49 21 126.18
49 90 5849.17
21 55 1184.61
21 90 4181.40
21 91 4368.10
55 90 2713.93
55 91 5420.43
90 91 7712.23
L
244642.59
308071
96 34 6857.72
96 38 4002.20
96 11 4947.51
96 66 8235.70
96 79 620.74
96 50 9844.31
96 55 1576.55
96 87 9116.53
34 66 6230.03
34 38 3681.39
34 11 8217.32
34 79 8160.99
34 50 9875.93
34 55 4756.24
34 87 9334.33
38 11 1611.86
38 66 9384.99
38 79 4760.01
38 50 3906.94
38 55 4843.85
38 87 1720.63
11 87 7846.83
11 66 749.61
11 79 1973.59
11 50 4811.52
11 55 1254.14
66 79 3752.70
66 50 29.02
66 55 4037.92
66 87 499.92
79 50 7250.44
79 55 913.97
79 87 9425.35
50 55 9969.27
50 87 5806.38
55 87 234.68
P
21415.79
53562
88 48 992.43
88 95 4963.94
88 86 8330.75
88 23 3952.36
48 95 3094.52
48 86 8728.46
48 23 2745.76
95 86 5861.30
95 23 7199.45
86 23 7772.47
H
57846.20
196029
0 72 1605.19
0 41 3341.31
0 82 7045.06
41 72 9660.00
41 82 158.10
82 72 7096.45
c
138485.88
400855
1 53 3964.99
1 54 9674.33
1 26 4679.93
1 27 9910.24
1 93 2874.02
1 30 3496.99
1 31 7555.61
53 54 7553.30
53 26 7089.72
53 27 944.79
53 93 1121.42
53 30 8223.36
53 31 9475.38
54 26 262.90
54 27 1526.34
54 93 2764.77
54 30 2491.92
54 31 13.34
26 27 7408.90
26 93 1415.76
26 30 1961.63
26 31 7178.38
27 93 6088.28
27 30 1553.12
27 31 5038.26
93 30 2563.54
93 31 9554.78
30 31 1533.21
X
68428.98
844699
96 2 1913.72
96 69 3947.02
34 90 6091.63
34 51 2373.55
34 4 9454.20
34 69 6034.39
4 47 6331.34
69 70 8500.41
69 2 4460.31
69 47 6558.24
69 51 6565.25
70 51 5055.51
70 47 7479.64
2 18 6987.58
2 51 9858.16
2 90 6540.65
47 18 9389.49
47 51 28.66
47 90 8000.43
Y
41171.03
890906
0 49 1555.32
0 74 9370.14
0 12 6907.04
0 52 5829.51
67 49 1684.35
67 60 4027.36
67 12 8415.12
67 87 2089.85
71 26 6680.35
74 12 7890.38
74 26 2144.28
74 60 6634.13
12 49 4828.72
12 52 2162.71
12 26 5370.41
49 26 3710.21
49 87 9508.99
52 26 4674.62
52 60 4266.53
87 26 8158.12
87 60 8564.02
F
43568.39
29153
66 18 3293.27
66 47 4596.64
66 48 664.80
66 81 2376.21
66 82 3498.69
66 57 7199.28
66 95 1023.61
18 47 6194.68
18 48 6547.19
18 81 5832.46
18 82 6010.14
18 57 5046.17
18 95 207.12
47 48 3169.77
47 81 7016.94
47 82 2026.80
47 57 7684.51
47 95 6426.31
48 81 3894.79
48 82 6790.57
48 57 4636.11
48 95 538.48
81 82 5380.87
81 57 6650.19
81 95 715.60
82 57 1789.73
82 95 7735.94
57 95 50.22
u
262961.95
424155
43 5 3683.22
43 79 7280.01
5 79 9886.17
G
216188.54
693282
25 43 2217.00
25 79 1202.06
25 6 4996.97
25 47 9212.34
79 43 1647.13
79 6 4136.03
79 47 3125.80
43 6 3736.99
43 47 6841.34
6 47 9661.76
o
138462.16
624545
98 49 2392.23
98 27 1116.62
98 13 7575.48
98 22 5935.92
98 87 5061.93
13 49 4687.51
13 27 9734.22
13 22 6782.85
13 87 4157.19
49 27 242.24
49 22 6427.71
49 87 7493.59
22 27 1807.84
22 87 9705.47
87 27 9665.42
j
143508.15
983077
84 27 6482.45
84 60 9547.71
84 38 8606.95
84 23 1852.08
27 60 6565.79
27 38 1608.54
27 23 872.05
60 38 8453.20
60 23 4208.93
38 23 2527.07
S
80003.78
253954
52 50 2692.98
52 4 3059.61
52 70 1328.42
52 31 2889.87
50 4 538.82
50 70 7523.86
50 31 4762.10
4 70 6653.55
4 31 736.50
70 31 7642.87
x
155259.07
646476
99 57 7827.25
99 74 7269.98
99 86 4638.67
99 23 9732.52
74 86 2329.36
80 57 1789.59
80 23 6087.21
86 57 1359.94
23 57 2599.34
57 92 9816.90
J
140363.30
820796
40 2 1462.00
40 61 9988.57
40 55 9786.71
2 61 4640.85
2 55 4068.67
61 55 6215.01
C
215562.44
576848
32 40 2672.48
32 44 8708.63
32 14 6321.80
32 16 9089.97
32 19 2149.65
32 21 9536.46
32 87 8087.87
32 60 6845.20
40 44 6601.48
40 14 1441.14
40 16 7760.98
40 19 5142.71
40 21 7525.03
40 87 1028.80
40 60 7156.89
44 14 3940.61
44 16 9745.76
44 19 7749.44
44 21 6436.84
44 87 1902.21
44 60 1693.21
14 16 8795.68
14 19 6935.94
14 21 2934.60
14 87 970.96
14 60 7815.98
16 19 1246.46
16 21 9626.46
16 87 4754.02
16 60 4625.63
19 21 8382.39
19 87 9092.28
19 60 6680.14
21 87 6692.80
21 60 1003.11
87 60 1019.07
s
254044.92
866127
68 7 713.23
37 88 1650.76
37 12 6215.49
37 21 3897.35
37 62 9922.95
37 7 7863.74
7 12 531.24
7 49 5728.44
7 21 4244.99
7 88 5316.85
41 49 5638.46
41 21 1025.75
12 73 7573.54
12 62 8070.14
21 88 8829.22
21 73 9494.56
73 88 8779.87
88 62 1036.21
q
128272.52
884864
34 9 8520.22
34 90 5167.05
34 63 5270.45
34 21 8102.50
34 57 6493.97
9 57 4879.33
9 21 7258.48
9 63 4208.40
21 63 628.68
21 90 4428.69
21 57 2492.72
57 90 9278.21
57 63 9081.85
90 63 7959.46
V
163465.11
189851
17 36 1122.24
17 53 5683.13
17 6 3476.32
17 15 51.32
36 53 4285.33
36 6 2393.87
36 15 537.25
53 6 7745.21
53 15 5821.31
6 15 9412.63
h
284703.95
454135
65 38 5542.02
65 79 2507.78
65 48 4127.06
65 82 9422.40
65 51 4061.41
65 58 8990.61
65 61 8680.69
38 82 7141.91
38 51 7155.67
38 57 8201.12
38 58 7139.68
38 62 9275.30
79 48 5587.19
79 82 540.04
79 51 4570.12
79 58 9108.12
79 61 8111.15
79 62 3553.23
48 57 1663.35
48 58 2162.93
48 61 9511.70
48 62 3924.62
82 51 8304.65
82 57 4200.39
82 58 5963.61
82 61 3062.49
82 62 9583.89
51 58 5930.85
51 61 8284.71
51 62 8778.44
57 58 2752.41
57 61 6455.31
58 61 4499.13
58 62 5766.11
61 62 4702.82
Z
241939.45
499225
92 33 2481.53
92 12 3970.24
92 39 8822.76
33 12 6946.58
33 39 980.81
12 39 6273.54
T
159463.48
348248
16 33 1830.91
16 20 5973.92
16 46 3721.69
33 20 7571.48
33 46 9315.58
20 46 7553.45
U
199356.78
420014
32 74 7085.66
32 3 4777.51
32 92 6278.49
32 79 3118.00
74 3 6984.81
74 92 3988.12
74 79 8430.96
3 92 789.33
3 79 3595.49
92 79 8242.00
E
160179.65
190014
64 4 8858.47
64 72 5070.49
64 9 5382.68
64 77 2637.65
64 13 8686.30
64 27 1787.44
4 72 6984.13
4 9 9404.72
4 77 5771.98
4 13 9919.53
4 27 8737.39
72 9 9152.06
72 77 3051.76
72 13 2865.74
72 27 6816.57
9 77 4448.97
9 13 2137.96
9 27 2182.16
77 13 4802.87
77 27 6544.78
13 27 4711.69
f
162438.77
197352
69 73 5201.17
69 77 1805.66
69 80 5721.70
69 21 3370.89
69 59 5853.55
69 61 8788.61
69 95 112.56
73 77 3908.67
73 80 6743.93
73 21 2198.02
73 59 8631.62
73 61 9665.74
73 95 5332.17
77 80 6262.78
77 21 7954.83
77 59 1252.02
77 61 6714.05
77 95 3840.58
80 21 7584.21
80 59 7049.17
80 61 4113.41
80 95 8886.79
21 59 4748.37
21 61 1582.42
21 95 8911.30
59 61 7122.08
59 95 58.06
61 95 7236.28
a
172382.23
430422
35 87 4373.68
35 11 8924.06
35 28 6518.55
35 14 3159.30
35 95 3145.93
11 15 5274.29
11 82 8979.25
11 87 9060.06
11 28 931.93
11 95 973.14
14 82 8613.33
49 28 7053.64
49 95 8026.68
87 28 9383.66
87 95 2740.21
28 95 433.41
K
79993.51
300213
16 25 7650.71
16 22 9485.70
25 22 7617.77
i
213158.08
334718
96 35 6635.72
96 5 5396.23
96 39 3088.13
96 41 1431.45
96 84 712.62
96 20 2236.16
96 91 2145.89
35 5 2371.34
35 6 4881.60
35 39 8778.51
35 41 343.68
35 84 8731.41
35 91 6506.69
35 69 7595.21
5 69 2148.72
5 6 6906.21
5 39 1274.42
5 41 4680.17
5 84 5029.10
5 20 5245.71
5 91 7937.48
6 39 991.62
6 41 8910.81
6 84 4107.17
6 20 94.49
6 91 866.03
6 69 3701.71
39 20 2020.76
39 91 3085.90
39 69 3455.75
41 20 3604.25
41 91 4639.64
41 69 8463.48
84 20 2938.50
84 91 3944.12
91 69 3810.10