g
210692.31
728886
65 72 7799.71
65 80 972.25
65 81 2325.75
65 50 7827.23
65 19 5557.15
65 20 9631.31
65 53 9855.40
65 55 3546.79
70 72 1400.84
70 80 6219.98
70 81 2151.46
70 19 7146.20
70 20 590.08
70 53 3097.11
72 80 6530.17
72 81 5244.99
72 50 3483.20
72 20 6519.48
80 81 7653.74
80 50 7032.49
80 19 9442.29
81 19 3069.04
81 20 3534.53
81 53 5810.35
81 55 8966.35
50 19 7209.31
50 20 4824.39
50 53 6494.02
50 55 35.23
19 20 6451.94
19 53 6945.83
19 55 424.53
20 53 1480.38
20 55 9513.38
53 55 6583.13
z
26087.75
157969
80 90 5516.95
80 69 800.48
80 14 8762.20
80 55 8104.92
90 69 1887.19
90 14 3552.30
90 55 4228.26
69 14 4765.38
69 55 3606.97
14 55 4677.59
l
178508.75
820141
75 44 1556.43
75 38 5825.33
44 38 7558.35
d
252700.18
182263
97 40 497.73
97 75 6882.72
97 80 7422.27
97 82 1372.48
97 84 2725.37
97 24 5053.68
97 26 3097.15
97 29 6210.45
40 75 4437.88
40 80 3921.25
40 82 264.54
40 84 3250.64
40 24 6837.93
40 26 4854.27
40 29 9513.06
75 80 3728.19
75 84 2912.88
75 24 2796.97
75 26 4685.04
75 29 1867.50
80 82 501.29
80 84 6240.23
80 24 425.60
80 26 948.88
80 29 3884.41
82 84 9561.24
82 24 3802.40
82 26 6687.57
82 29 2395.80
84 24 3000.20
84 26 594.98
84 29 6491.60
24 26 9164.59
24 29 9819.88
26 29 228.84
n
83950.92
164946
75 69 7858.09
75 70 7222.63
75 83 4116.85
75 23 1317.31
75 89 9573.16
75 6 9118.25
69 70 9005.76
69 11 5867.82
69 83 3339.09
69 23 1365.53
69 89 2165.65
6 11 2179.11
6 81 5013.16
6 70 1397.74
6 23 867.50
11 13 4369.88
11 81 5789.85
11 83 6350.11
11 23 2347.93
11 89 1417.26
11 70 722.78
13 81 553.28
13 83 1791.66
13 89 31.38
81 70 440.44
81 83 5144.84
81 23 9175.08
81 89 4007.80
83 23 2854.17
83 89 8254.20
89 70 1652.49
v
224787.78
692922
9 10 5713.19
9 4 9753.07
9 23 905.89
10 4 8267.81
10 23 3206.65
4 23 4459.08
w
250102.87
606732
88 25 7179.25
88 12 5067.95
88 5 3991.56
25 12 117.75
25 84 9784.49
25 5 3101.05
84 5 3964.86
5 12 8565.26
D
153153.96
463444
73 9 8924.77
73 61 7961.54
61 9 512.50
A
10229.12
550810
49 15 4016.86
49 63 3342.24
15 63 5726.33
p
250393.09
820832
35 4 3060.06
35 80 1721.74
35 22 2385.35
35 23 9098.55
35 28 3602.92
35 30 7670.05
4 43 2777.37
4 22 8624.30
43 80 984.60
43 22 3745.70
80 28 4069.59
80 22 8594.14
22 23 1883.36
22 36 5955.87
23 36 2455.94
23 30 5553.77
36 28 2291.63